A=[4,2,-1;3,-1,2;12,3,0];
b=[2;10;8]
x=A\b
